{
 "cells": [
  {
   "cell_type": "code",
   "execution_count": 1,
   "metadata": {},
   "outputs": [],
   "source": [
    "import numpy as np\n",
    "import matplotlib.pyplot as plt\n",
    "import os\n",
    "\n",
    "import mne\n",
    "from mne.viz import plot_topomap\n",
    "import csv"
   ]
  },
  {
   "cell_type": "code",
   "execution_count": 2,
   "metadata": {},
   "outputs": [],
   "source": [
    "def load_raw_data(data_path):\n",
    "    #load the raw data\n",
    "    raw = mne.io.read_raw_fif(data_path, preload=True)\n",
    "    return raw"
   ]
  },
  {
   "cell_type": "code",
   "execution_count": 24,
   "metadata": {},
   "outputs": [
    {
     "name": "stdout",
     "output_type": "stream",
     "text": [
      "Opening raw data file /Users/mlion0200/GitRepo/eye_blink_detection/data/sub-CC110033/meg/passive_raw.fif...\n",
      "    Read a total of 8 projection items:\n",
      "        mag_ssp_upright.fif : PCA-mags-v1 (1 x 306)  idle\n",
      "        mag_ssp_upright.fif : PCA-mags-v2 (1 x 306)  idle\n",
      "        mag_ssp_upright.fif : PCA-mags-v3 (1 x 306)  idle\n",
      "        mag_ssp_upright.fif : PCA-mags-v4 (1 x 306)  idle\n",
      "        mag_ssp_upright.fif : PCA-mags-v5 (1 x 306)  idle\n",
      "        grad_ssp_upright.fif : PCA-grad-v1 (1 x 306)  idle\n",
      "        grad_ssp_upright.fif : PCA-grad-v2 (1 x 306)  idle\n",
      "        grad_ssp_upright.fif : PCA-grad-v3 (1 x 306)  idle\n",
      "    Range : 15000 ... 161999 =     15.000 ...   161.999 secs\n",
      "Ready.\n",
      "Current compensation grade : 0\n",
      "Reading 0 ... 146999  =      0.000 ...   146.999 secs...\n"
     ]
    }
   ],
   "source": [
    "file_path = 'data/sub-CC110033/meg/passive_raw.fif'\n",
    "raw = load_raw_data(file_path)"
   ]
  },
  {
   "cell_type": "code",
   "execution_count": 4,
   "metadata": {},
   "outputs": [],
   "source": [
    "def preprocess_eog(eog):\n",
    "    eog.filter(1, 15, method=\"iir\", iir_params=None)\n",
    "    return eog"
   ]
  },
  {
   "cell_type": "code",
   "execution_count": 5,
   "metadata": {},
   "outputs": [],
   "source": [
    "def get_eog_channels(raw):\n",
    "    picks = mne.pick_types(raw.info, meg=False, eeg=False, stim=False, eog=True, exclude='bads')\n",
    "    raw.filter(1, 15, picks=picks, method=\"iir\", iir_params=None)\n",
    "    eog = raw.pick_channels(['EOG062'])\n",
    "    #raw = raw.pick_channels(['EOG061'])\n",
    "    return eog"
   ]
  },
  {
   "cell_type": "code",
   "execution_count": 10,
   "metadata": {},
   "outputs": [],
   "source": [
    "def get_eye_blink_time_points(eog):\n",
    "    eog_data = eog.get_data()[0]\n",
    "    threshold = np.max(eog_data)*2/3\n",
    "    time_points = np.where(eog_data > threshold)\n",
    "    return threshold, time_points[0]"
   ]
  },
  {
   "cell_type": "code",
   "execution_count": 11,
   "metadata": {},
   "outputs": [
    {
     "name": "stdout",
     "output_type": "stream",
     "text": [
      "Setting up band-pass filter from 1 - 15 Hz\n"
     ]
    }
   ],
   "source": [
    "eog = get_eog_channels(raw)"
   ]
  },
  {
   "cell_type": "code",
   "execution_count": 15,
   "metadata": {},
   "outputs": [],
   "source": [
    "eog_data = eog.get_data()[0]"
   ]
  },
  {
   "cell_type": "code",
   "execution_count": 12,
   "metadata": {},
   "outputs": [],
   "source": [
    "eye_blink_threshold, time_points_array = get_eye_blink_time_points(eog)"
   ]
  },
  {
   "cell_type": "code",
   "execution_count": 13,
   "metadata": {},
   "outputs": [
    {
     "name": "stdout",
     "output_type": "stream",
     "text": [
      "(array([   271,    272,    273,    274,    275,    276,    277,    278,\n",
      "          279,    280,    281,    282,    283,    284,    285,    286,\n",
      "          287,    288,    289,    290,    291,    292,    293,    294,\n",
      "          295,    296,    297,    298,    299,    300,    301,    302,\n",
      "          303,    304,    305,    306,    307,    308,    309,    310,\n",
      "          311,    312,    313,    314,    315,    316,    317,    318,\n",
      "          319,    320,   4155,   4156,   4157,   4158,   4159,   4160,\n",
      "         4161,   4162,   4163,   4164,   4165,   4166,   4167,   4168,\n",
      "         4169,   4170,   4171,   4172,   4173,   4174,   4175,   4176,\n",
      "         4177,   4178,   4179,   4180,   4181,   4182,   4183,   4184,\n",
      "         4185,   4186,   4187,   4188,   4189,   4190,   4191,   4192,\n",
      "         4193,   4194,   4195,   4196,   4197,   4198,   4199,   4200,\n",
      "         4201,   4202,   4203,   4204,   4205,   4206,   4207,   4208,\n",
      "         4209,   4210,   4211,   4212,   4213,   4214,   4215,   4216,\n",
      "         4217,   4218,   4219,   4220,   4221,   4222,   4223,   4224,\n",
      "         4225,   4226,   4227,   4228,   4229,   4230,   4231,   4232,\n",
      "         4233,   4234,   4235,   4236,   4237,   4238,   4239,   4240,\n",
      "         4241,   4242,   4243,   4244,   4245,   4246,   4247,   4248,\n",
      "         4249,   4250,   4251,   4863,   4864,   4865,   4866,   4867,\n",
      "         4868,   4869,   4870,   4871,   4872,   4873,   4874,   4875,\n",
      "         4876,   4877,   4878,   4879,   4880,   4881,   4882,   4883,\n",
      "         4884,   4885,   4886,   4887,   4888,   4889,   4890,   4891,\n",
      "         4892,   4893,   4894,   4895,   4896,   4897,   4898,   4899,\n",
      "         4900,   4901,   4902,   4903,   4904,   4905,   4906,   4907,\n",
      "         4908,   4909,   4910,   4911,   4912,   4913,   4914,   4915,\n",
      "         4916,   4917,   4918,   4919,   4920,   4921,   4922,   4923,\n",
      "         6334,   6335,   6336,   6337,   6338,   6339,   6340,   6341,\n",
      "         6342,   6343,   6344,   6345,   6346,   6347,   6348,   6349,\n",
      "         6350,   6351,   6352,   6353,   6354,   6355,   6356,   6357,\n",
      "         6358,   7491,   7492,   7493,   7494,   7495,   7496,   7497,\n",
      "         7498,   7499,   7500,   7501,   7502,   7503,   7504,   7505,\n",
      "         7506,   7507,   7508,   7509,   7510,   7511,   7512,   7513,\n",
      "         7514,   7515,   7516,   7517,   7518,   7519,   7520,   7521,\n",
      "         8646,   8647,   8648,   8649,   8650,   8651,   8652,   8653,\n",
      "         8654,   8655,   8656,   8657,   8658,   8659,   8660,   8661,\n",
      "         8662,   8663,   8664,   8665,   8666,   8667,   8668,   8669,\n",
      "         8670,   8671,   8672,   8673,   8674,   8675,   8676,   8677,\n",
      "         8678,   8679,   8680,   8681,   8682,   8683,   8684,   8685,\n",
      "         8686,   8687,   8688,   8689,   8690,   8691,   8692,   8693,\n",
      "         8694,   8695,   8696,  11073,  11074,  11075,  11076,  11077,\n",
      "        11078,  11079,  11080,  11081,  11082,  11083,  11084,  11085,\n",
      "        11086,  11087,  11088,  11089,  11090,  11091,  11092,  11093,\n",
      "        11094,  11095,  11096,  11097,  11098,  11099,  11100,  11101,\n",
      "        11102,  11103,  11104,  11105,  11106,  11107,  11108,  11109,\n",
      "        11110,  11111,  11112,  11113,  11114,  11115,  11116,  11117,\n",
      "        11118,  11119,  11120,  11121,  11122,  11123,  11124,  11125,\n",
      "        11126,  11127,  11128,  11129,  11130,  11131,  11132,  11133,\n",
      "        12212,  12213,  12214,  12215,  12216,  12217,  12218,  12219,\n",
      "        12220,  12221,  12222,  12223,  12224,  12225,  12226,  12227,\n",
      "        12228,  12229,  12230,  12231,  12232,  12233,  12234,  12235,\n",
      "        12236,  12237,  12238,  12239,  12240,  12241,  12242,  12243,\n",
      "        12244,  12245,  12246,  12247,  12248,  12249,  12250,  12251,\n",
      "        12252,  12253,  12254,  12255,  12256,  12257,  12258,  12259,\n",
      "        12260,  12261,  12262,  12263,  12264,  12265,  12266,  12267,\n",
      "        12268,  14487,  14488,  14489,  14490,  14491,  14492,  14493,\n",
      "        14494,  14495,  14496,  14497,  14498,  14499,  14500,  14501,\n",
      "        14502,  14503,  14504,  14505,  14506,  14507,  14508,  14509,\n",
      "        14510,  14511,  14512,  14513,  14514,  14515,  14516,  14517,\n",
      "        14518,  14519,  14520,  14521,  14522,  14523,  14524,  14525,\n",
      "        14526,  14527,  14528,  14529,  14530,  14531,  14532,  14533,\n",
      "        14534,  14535,  14536,  14537,  14538,  14539,  14540,  14541,\n",
      "        14542,  14543,  14544,  14545,  14546,  14547,  14548,  14549,\n",
      "        14550,  14551,  14552,  14553,  14554,  14555,  14556,  14557,\n",
      "        14558,  14559,  16691,  16692,  16693,  16694,  16695,  16696,\n",
      "        16697,  16698,  16699,  16700,  16701,  16702,  16703,  16704,\n",
      "        16705,  16706,  16707,  16708,  16709,  16710,  16711,  16712,\n",
      "        16713,  16714,  16715,  16716,  16717,  16718,  16719,  16720,\n",
      "        16721,  16722,  16723,  16724,  16725,  16726,  16727,  16728,\n",
      "        16729,  16730,  16731,  16732,  16733,  16734,  16735,  16736,\n",
      "        16737,  16738,  16739,  16740,  16741,  16742,  16743,  16744,\n",
      "        16745,  16746,  16747,  23707,  23708,  23709,  23710,  23711,\n",
      "        23712,  23713,  23714,  23715,  23716,  23717,  23718,  23719,\n",
      "        23720,  23721,  23722,  23723,  23724,  23725,  23726,  23727,\n",
      "        23728,  23729,  23730,  23731,  23732,  23733,  23734,  23735,\n",
      "        23736,  23737,  23738,  23739,  23740,  23741,  23742,  23743,\n",
      "        23744,  23745,  23746,  23747,  23748,  23749,  23750,  23751,\n",
      "        23752,  23753,  23754,  23755,  23756,  23757,  23758,  23759,\n",
      "        23760,  30732,  30733,  30734,  30735,  30736,  30737,  30738,\n",
      "        30739,  30740,  30741,  30742,  30743,  30744,  30745,  30746,\n",
      "        30747,  30748,  30749,  30750,  30751,  30752,  30753,  30754,\n",
      "        30755,  30756,  30757,  30758,  30759,  30760,  30761,  30762,\n",
      "        30763,  30764,  30765,  30766,  30767,  30768,  30769,  30770,\n",
      "        30771,  30772,  30773,  30774,  30775,  30776,  30777,  30778,\n",
      "        30779,  30780,  30781,  30782,  30783,  30784,  30785,  30786,\n",
      "        30787,  30788,  30789,  30790,  30791,  30792,  30793,  49830,\n",
      "        49831,  49832,  49833,  49834,  49835,  49836,  49837,  49838,\n",
      "        49839,  49840,  49841,  49842,  49843,  49844,  49845,  49846,\n",
      "        49847,  49848,  49849,  49850,  49851,  49852,  49853,  49854,\n",
      "        49855,  49856,  49857,  49858,  49859,  49860,  49861,  49862,\n",
      "        49863,  49864,  49865,  49866,  49867,  49868,  49869,  49870,\n",
      "        49871,  49872,  49873,  49874,  49875,  49876,  49877,  49878,\n",
      "        49879,  49880,  49881,  49882,  49883,  49884,  49885,  49886,\n",
      "        49887,  49888,  49889,  49890,  49891,  49892,  49893,  49894,\n",
      "        49895,  49896,  49897,  49898,  49899,  49900,  49901,  49902,\n",
      "        49903,  49904,  49905,  49906,  49907,  49908,  49909,  49910,\n",
      "        49911,  49912,  49913,  49914,  49915,  49916,  49917,  49918,\n",
      "        49919,  49920,  59833,  59834,  59835,  59836,  59837,  59838,\n",
      "        59839,  59840,  59841,  59842,  59843,  59844,  59845,  59846,\n",
      "        59847,  59848,  59849,  59850,  59851,  59852,  59853,  59854,\n",
      "        59855,  59856,  59857,  59858,  59859,  59860,  59861,  59862,\n",
      "        59863,  59864,  59865,  59866,  59867,  59868,  59869,  59870,\n",
      "        59871,  59872,  59873,  59874,  59875,  59876,  59877,  59878,\n",
      "        59879,  59880,  59881,  59882,  59883,  59884,  59885,  59886,\n",
      "        59887,  59888,  59889,  59890,  59891,  64557,  64558,  64559,\n",
      "        64560,  64561,  64562,  64563,  64564,  64565,  64566,  64567,\n",
      "        64568,  64569,  64570,  64571,  64572,  64573,  64574,  64575,\n",
      "        64576,  64577,  64578,  64579,  64580,  64581,  64582,  64583,\n",
      "        64584,  64585,  64586,  64587,  64588,  64589,  64590,  64591,\n",
      "        64592,  64593,  64594,  64595,  64596,  64597,  64598,  64599,\n",
      "        64600,  64601,  64602,  64603,  64604,  64605,  64606,  64607,\n",
      "        64608,  64609,  72818,  72819,  72820,  72821,  72822,  72823,\n",
      "        72824,  72825,  72826,  80686,  80687,  80688,  80689,  80690,\n",
      "        80691,  80692,  80693,  80694,  80695,  80696,  80697,  80698,\n",
      "        80699,  80700,  80701,  80702,  80703,  80704,  80705,  80706,\n",
      "        80707,  80708,  80709,  80710,  80711,  80712,  80713,  80714,\n",
      "        80715,  80716,  80717,  80718,  80719,  83557,  83558,  83559,\n",
      "        83560,  83561,  83562,  83563,  83564,  83565,  83566,  83567,\n",
      "        83568,  83569,  83570,  83571,  83572,  83573,  83574,  83575,\n",
      "        83576,  83577,  83578,  83579,  83580,  83581,  83582,  83583,\n",
      "        83584,  83585,  83586,  83587,  83588,  83589,  83590,  83591,\n",
      "        83592,  83593,  83594,  83595,  83596,  83597,  83598,  83599,\n",
      "        83600,  83601,  83602,  83603,  83604,  83605,  83606,  83607,\n",
      "        83608,  83609,  87776,  87777,  87778,  87779,  87780,  87781,\n",
      "        87782,  87783,  87784,  87785,  87786,  87787,  87788,  87789,\n",
      "        87790,  87791,  87792,  87793,  87794,  87795,  87796,  87797,\n",
      "        87798,  87799,  87800,  87801,  87802,  87803,  87804,  87805,\n",
      "        87806,  87807,  87808,  87809,  87810,  89404,  89405,  89406,\n",
      "        89407,  89408,  89409,  90987,  90988,  90989,  90990,  90991,\n",
      "        90992,  93843,  93844,  93845,  93846,  93847,  93848,  93849,\n",
      "        93850,  93851,  93852,  93853,  93854,  93855,  93856,  93857,\n",
      "        93858,  93859,  93860,  93861,  93862,  93863,  93864,  93865,\n",
      "        93866,  93867,  93868,  93869,  93870,  93871,  93872,  93873,\n",
      "        93874,  93875,  93876,  93877,  93878,  93879,  93880,  93881,\n",
      "        93882,  93883,  93884,  93885,  93886,  93887,  93888,  93889,\n",
      "        93890,  93891,  93892,  93893,  98867,  98868,  98869,  98870,\n",
      "        98871,  98872,  98873,  98874,  98875,  98876,  98877,  98878,\n",
      "        98879,  98880,  98881,  98882,  98883,  98884,  98885,  98886,\n",
      "        98887,  98888,  98889,  98890,  98891,  98892,  98893,  98894,\n",
      "        98895,  98896,  98897,  99911,  99912,  99913,  99914,  99915,\n",
      "        99916,  99917,  99918,  99919,  99920,  99921,  99922,  99923,\n",
      "        99924,  99925,  99926,  99927,  99928,  99929,  99930,  99931,\n",
      "        99932,  99933,  99934,  99935,  99936,  99937,  99938,  99939,\n",
      "        99940, 100852, 100853, 100854, 100855, 100856, 100857, 100858,\n",
      "       100859, 100860, 100861, 100862, 100863, 100864, 100865, 100866,\n",
      "       100867, 100868, 100869, 100870, 100871, 100872, 100873, 100874,\n",
      "       100875, 100876, 100877, 100878, 100879, 100880, 100881, 100882,\n",
      "       100883, 100884, 100885, 100886, 100887, 100888, 100889, 100890,\n",
      "       100891, 100892, 102064, 102065, 102066, 102067, 102068, 102069,\n",
      "       102070, 102071, 102072, 102073, 102074, 102075, 102076, 102077,\n",
      "       102078, 102079, 102080, 102081, 102082, 102083, 102084, 102085,\n",
      "       102086, 102087, 102088, 102089, 102090, 102091, 102092, 102093,\n",
      "       102094, 102095, 102096, 102097, 102098, 102099, 102100, 102101,\n",
      "       102102, 102103, 102104, 102105, 102106, 102107, 102108, 102109,\n",
      "       102110, 102111, 102112, 102113, 102114, 102115, 102116, 102117,\n",
      "       102118, 102119, 102120, 102121, 102122, 102123, 102124, 102125,\n",
      "       102126, 102127, 102128, 102129, 102130, 102131, 102132, 102133,\n",
      "       102134, 102135, 102136, 102137, 102138, 102139, 102140, 102141,\n",
      "       102142, 102143, 102144, 102145, 102146, 102147, 102148, 102149,\n",
      "       102150, 102151, 102152, 102153, 102154, 102155, 102156, 102157,\n",
      "       102158, 107733, 107734, 107735, 107736, 107737, 107738, 107739,\n",
      "       107740, 107741, 107742, 107743, 107744, 107745, 107746, 107747,\n",
      "       107748, 107749, 107750, 107751, 107752, 107753, 107754, 107755,\n",
      "       107756, 107757, 107758, 107759, 107760, 107761, 107762, 107763,\n",
      "       107764, 107765, 107766, 107767, 109377, 109378, 109379, 109380,\n",
      "       109381, 109382, 109383, 109384, 109385, 109386, 109387, 109388,\n",
      "       109389, 111812, 111813, 111814, 111815, 111816, 111817, 111818,\n",
      "       111819, 111820, 111821, 111822, 111823, 111824, 111825, 111826,\n",
      "       111827, 111828, 111829, 111830, 111831, 111832, 111833, 111834,\n",
      "       111835, 115191, 115192, 115193, 115194, 115195, 115196, 115197,\n",
      "       115198, 115199, 115200, 115201, 115202, 115203, 115204, 115205,\n",
      "       115206, 115207, 115208, 115209, 115210, 115211, 115212, 115213,\n",
      "       115214, 115215, 115216, 115217, 115218, 115219, 115220, 115221,\n",
      "       115222, 115223, 115224, 115225, 115226, 115227, 115228, 115229,\n",
      "       115230, 115231, 115232, 115233, 115234, 115235, 115236, 115237,\n",
      "       115238, 115239, 115240, 115241, 120153, 120154, 120155, 120156,\n",
      "       120157, 120158, 120159, 120160, 120161, 120162, 120163, 120164,\n",
      "       120165, 120166, 120167, 120168, 120169, 120170, 120171, 120172,\n",
      "       120173, 120174, 120175, 120176, 120177, 120178, 120179, 120180,\n",
      "       120181, 120182, 120183, 124192, 124193, 124194, 124195, 124196,\n",
      "       124197, 124198, 124199, 127722, 127723, 127724, 127725, 127726,\n",
      "       127727, 127728, 127729, 127730, 127731, 127732, 127733, 127734,\n",
      "       127735, 127736, 127737, 127738, 127739, 127740, 127741, 127742,\n",
      "       127743, 127744, 127745, 127746, 127747, 127748, 127749, 127750,\n",
      "       127751, 127752, 127753, 127754, 130741, 130742, 130743, 130744,\n",
      "       130745, 130746, 130747, 130748, 130749, 130750, 130751, 130752,\n",
      "       130753, 130754, 130755, 130756, 130757, 130758, 130759, 130760,\n",
      "       130761, 130762, 130763, 130764, 130765, 130766, 130767, 130768,\n",
      "       130769, 130770, 130771, 130772, 130773, 130774, 130775, 130776,\n",
      "       130777, 130778, 130779, 130780, 130781, 130782, 130783, 130784,\n",
      "       130785, 130786, 130787, 137819, 137820, 137821, 137822, 137823,\n",
      "       137824, 137825, 137826, 137827, 137828, 137829, 137830, 137831,\n",
      "       137832, 137833, 137834, 137835, 137836, 137837, 137838, 137839,\n",
      "       137840, 137841, 137842, 137843, 137844, 137845, 137846, 137847,\n",
      "       137848, 137849, 137850, 137851, 137852, 137853, 137854, 137855,\n",
      "       144712, 144713, 144714, 144715, 144716, 144717, 144718, 144719,\n",
      "       144720, 144721, 144722, 144723, 144724, 144725, 144726, 144727,\n",
      "       144728, 144729, 144730, 144731, 144732]),)\n"
     ]
    }
   ],
   "source": [
    "np.set_printoptions(threshold=np.nan)\n",
    "print(time_points_array)"
   ]
  },
  {
   "cell_type": "code",
   "execution_count": 197,
   "metadata": {},
   "outputs": [
    {
     "data": {
      "text/plain": [
       "4"
      ]
     },
     "execution_count": 197,
     "metadata": {},
     "output_type": "execute_result"
    }
   ],
   "source": [
    "len(time_points_array[0][1:5])"
   ]
  },
  {
   "cell_type": "code",
   "execution_count": 17,
   "metadata": {},
   "outputs": [],
   "source": [
    "def preprocessing(raw):\n",
    "    picks = mne.pick_types(raw.info, meg='grad', eeg=False, stim=False, exclude='bads')\n",
    "    raw.filter(3, 70, picks=picks,l_trans_bandwidth='auto', filter_length='auto', phase='zero', fir_design='firwin')\n",
    "    raw.notch_filter(60, picks=picks, fir_design='firwin')\n",
    "    return raw"
   ]
  },
  {
   "cell_type": "code",
   "execution_count": 27,
   "metadata": {},
   "outputs": [],
   "source": [
    "raw_data = raw.get_data()"
   ]
  },
  {
   "cell_type": "code",
   "execution_count": 28,
   "metadata": {},
   "outputs": [],
   "source": [
    "grad = raw.pick_types(meg=True, eeg=False, stim=False, eog=True)"
   ]
  },
  {
   "cell_type": "code",
   "execution_count": 29,
   "metadata": {},
   "outputs": [
    {
     "name": "stdout",
     "output_type": "stream",
     "text": [
      "Filtering a subset of channels. The highpass and lowpass values in the measurement info will not be updated.\n",
      "Setting up band-pass filter from 3 - 70 Hz\n",
      "l_trans_bandwidth chosen to be 2.0 Hz\n",
      "h_trans_bandwidth chosen to be 17.5 Hz\n",
      "Filter length of 1651 samples (1.651 sec) selected\n",
      "Setting up band-stop filter from 59 - 61 Hz\n",
      "Filter length of 6601 samples (6.601 sec) selected\n"
     ]
    }
   ],
   "source": [
    "grad_preprocessed = preprocessing(grad)"
   ]
  },
  {
   "cell_type": "code",
   "execution_count": 30,
   "metadata": {},
   "outputs": [],
   "source": [
    "picks = mne.pick_types(raw.info, meg='grad', eeg=False, stim=False, exclude='bads')"
   ]
  },
  {
   "cell_type": "code",
   "execution_count": 31,
   "metadata": {
    "scrolled": true
   },
   "outputs": [],
   "source": [
    "data, times = grad_preprocessed[picks, :]"
   ]
  },
  {
   "cell_type": "code",
   "execution_count": 32,
   "metadata": {},
   "outputs": [],
   "source": [
    "picks_meg = mne.pick_types(raw.info, meg=True, eeg=False, stim=False, exclude='bads')\n",
    "data_meg, times_meg = grad_preprocessed[picks_meg, :]"
   ]
  },
  {
   "cell_type": "code",
   "execution_count": 33,
   "metadata": {},
   "outputs": [
    {
     "data": {
      "text/plain": [
       "306"
      ]
     },
     "execution_count": 33,
     "metadata": {},
     "output_type": "execute_result"
    }
   ],
   "source": [
    "len(data_meg)"
   ]
  },
  {
   "cell_type": "code",
   "execution_count": 136,
   "metadata": {},
   "outputs": [],
   "source": [
    "plt.rcParams[\"figure.figsize\"] = (12, 9) # (w, h)"
   ]
  },
  {
   "cell_type": "code",
   "execution_count": 134,
   "metadata": {},
   "outputs": [
    {
     "data": {
      "text/plain": [
       "[{'scanno': 1,\n",
       "  'logno': 113,\n",
       "  'kind': 1,\n",
       "  'range': 1.9073486328125e-05,\n",
       "  'cal': 3.250000046861601e-09,\n",
       "  'coil_type': 3012,\n",
       "  'loc': array([-0.1066    ,  0.0464    , -0.0604    , -0.0127    ,  0.0057    ,\n",
       "         -0.99990302, -0.186801  , -0.98240298, -0.0033    , -0.98232698,\n",
       "          0.18674099,  0.013541  ]),\n",
       "  'unit': 201,\n",
       "  'unit_mul': 0,\n",
       "  'ch_name': 'MEG0113',\n",
       "  'coord_frame': 1},\n",
       " {'scanno': 2,\n",
       "  'logno': 112,\n",
       "  'kind': 1,\n",
       "  'range': 1.9073486328125e-05,\n",
       "  'cal': 3.250000046861601e-09,\n",
       "  'coil_type': 3012,\n",
       "  'loc': array([-0.1066    ,  0.0464    , -0.0604    , -0.186801  , -0.98240298,\n",
       "         -0.0033    ,  0.0127    , -0.0057    ,  0.99990302, -0.98232698,\n",
       "          0.18674099,  0.013541  ]),\n",
       "  'unit': 201,\n",
       "  'unit_mul': 0,\n",
       "  'ch_name': 'MEG0112',\n",
       "  'coord_frame': 1},\n",
       " {'scanno': 3,\n",
       "  'logno': 111,\n",
       "  'kind': 1,\n",
       "  'range': 1.9073486328125e-05,\n",
       "  'cal': 4.1400001482561066e-11,\n",
       "  'coil_type': 3022,\n",
       "  'loc': array([-0.1066    ,  0.0464    , -0.0604    , -0.0127    ,  0.0057    ,\n",
       "         -0.99990302, -0.186801  , -0.98240298, -0.0033    , -0.98232698,\n",
       "          0.18674099,  0.013541  ]),\n",
       "  'unit': 112,\n",
       "  'unit_mul': 0,\n",
       "  'ch_name': 'MEG0111',\n",
       "  'coord_frame': 1},\n",
       " {'scanno': 4,\n",
       "  'logno': 122,\n",
       "  'kind': 1,\n",
       "  'range': 1.9073486328125e-05,\n",
       "  'cal': 3.250000046861601e-09,\n",
       "  'coil_type': 3012,\n",
       "  'loc': array([-0.102     ,  0.0631    , -0.0256    ,  0.0136    ,  0.0011    ,\n",
       "         -0.99990201, -0.28200099, -0.95940202, -0.0049    , -0.95931298,\n",
       "          0.28203899, -0.012738  ]),\n",
       "  'unit': 201,\n",
       "  'unit_mul': 0,\n",
       "  'ch_name': 'MEG0122',\n",
       "  'coord_frame': 1},\n",
       " {'scanno': 5,\n",
       "  'logno': 123,\n",
       "  'kind': 1,\n",
       "  'range': 1.9073486328125e-05,\n",
       "  'cal': -3.250000046861601e-09,\n",
       "  'coil_type': 3012,\n",
       "  'loc': array([-0.102     ,  0.0631    , -0.0256    , -0.28200099, -0.95940202,\n",
       "         -0.0049    , -0.0136    , -0.0011    ,  0.99990201, -0.95931298,\n",
       "          0.28203899, -0.012738  ]),\n",
       "  'unit': 201,\n",
       "  'unit_mul': 0,\n",
       "  'ch_name': 'MEG0123',\n",
       "  'coord_frame': 1},\n",
       " {'scanno': 6,\n",
       "  'logno': 121,\n",
       "  'kind': 1,\n",
       "  'range': 1.9073486328125e-05,\n",
       "  'cal': 4.1400001482561066e-11,\n",
       "  'coil_type': 3022,\n",
       "  'loc': array([-0.102     ,  0.0631    , -0.0256    ,  0.0136    ,  0.0011    ,\n",
       "         -0.99990201, -0.28200099, -0.95940202, -0.0049    , -0.95931298,\n",
       "          0.28203899, -0.012738  ]),\n",
       "  'unit': 112,\n",
       "  'unit_mul': 0,\n",
       "  'ch_name': 'MEG0121',\n",
       "  'coord_frame': 1},\n",
       " {'scanno': 7,\n",
       "  'logno': 132,\n",
       "  'kind': 1,\n",
       "  'range': 1.9073486328125e-05,\n",
       "  'cal': 3.250000046861601e-09,\n",
       "  'coil_type': 3012,\n",
       "  'loc': array([-0.1085    ,  0.0302    , -0.0266    ,  0.0026    ,  0.0023    ,\n",
       "         -0.999955  , -0.095196  , -0.99545598, -0.0025    , -0.995417  ,\n",
       "          0.095198  , -0.002369  ]),\n",
       "  'unit': 201,\n",
       "  'unit_mul': 0,\n",
       "  'ch_name': 'MEG0132',\n",
       "  'coord_frame': 1},\n",
       " {'scanno': 8,\n",
       "  'logno': 133,\n",
       "  'kind': 1,\n",
       "  'range': 1.9073486328125e-05,\n",
       "  'cal': -3.250000046861601e-09,\n",
       "  'coil_type': 3012,\n",
       "  'loc': array([-0.1085    ,  0.0302    , -0.0266    , -0.095196  , -0.99545598,\n",
       "         -0.0025    , -0.0026    , -0.0023    ,  0.999955  , -0.995417  ,\n",
       "          0.095198  , -0.002369  ]),\n",
       "  'unit': 201,\n",
       "  'unit_mul': 0,\n",
       "  'ch_name': 'MEG0133',\n",
       "  'coord_frame': 1},\n",
       " {'scanno': 9,\n",
       "  'logno': 131,\n",
       "  'kind': 1,\n",
       "  'range': 1.9073486328125e-05,\n",
       "  'cal': 4.1400001482561066e-11,\n",
       "  'coil_type': 3022,\n",
       "  'loc': array([-0.1085    ,  0.0302    , -0.0266    ,  0.0026    ,  0.0023    ,\n",
       "         -0.999955  , -0.095196  , -0.99545598, -0.0025    , -0.995417  ,\n",
       "          0.095198  , -0.002369  ]),\n",
       "  'unit': 112,\n",
       "  'unit_mul': 0,\n",
       "  'ch_name': 'MEG0131',\n",
       "  'coord_frame': 1},\n",
       " {'scanno': 10,\n",
       "  'logno': 143,\n",
       "  'kind': 1,\n",
       "  'range': 1.9073486328125e-05,\n",
       "  'cal': 3.250000046861601e-09,\n",
       "  'coil_type': 3012,\n",
       "  'loc': array([-0.1099    ,  0.0131    , -0.0627    , -0.0123    ,  0.0018    ,\n",
       "         -0.99992299, -0.0212    , -0.99982297, -0.0016    , -0.99974799,\n",
       "          0.021179  ,  0.012336  ]),\n",
       "  'unit': 201,\n",
       "  'unit_mul': 0,\n",
       "  'ch_name': 'MEG0143',\n",
       "  'coord_frame': 1},\n",
       " {'scanno': 11,\n",
       "  'logno': 142,\n",
       "  'kind': 1,\n",
       "  'range': 1.9073486328125e-05,\n",
       "  'cal': 3.250000046861601e-09,\n",
       "  'coil_type': 3012,\n",
       "  'loc': array([-0.1099    ,  0.0131    , -0.0627    , -0.0212    , -0.99982297,\n",
       "         -0.0016    ,  0.0123    , -0.0018    ,  0.99992299, -0.99974799,\n",
       "          0.021179  ,  0.012336  ]),\n",
       "  'unit': 201,\n",
       "  'unit_mul': 0,\n",
       "  'ch_name': 'MEG0142',\n",
       "  'coord_frame': 1},\n",
       " {'scanno': 12,\n",
       "  'logno': 141,\n",
       "  'kind': 1,\n",
       "  'range': 1.9073486328125e-05,\n",
       "  'cal': 4.1400001482561066e-11,\n",
       "  'coil_type': 3022,\n",
       "  'loc': array([-0.1099    ,  0.0131    , -0.0627    , -0.0123    ,  0.0018    ,\n",
       "         -0.99992299, -0.0212    , -0.99982297, -0.0016    , -0.99974799,\n",
       "          0.021179  ,  0.012336  ]),\n",
       "  'unit': 112,\n",
       "  'unit_mul': 0,\n",
       "  'ch_name': 'MEG0141',\n",
       "  'coord_frame': 1},\n",
       " {'scanno': 13,\n",
       "  'logno': 213,\n",
       "  'kind': 1,\n",
       "  'range': 1.9073486328125e-05,\n",
       "  'cal': 3.250000046861601e-09,\n",
       "  'coil_type': 3012,\n",
       "  'loc': array([-0.1074    ,  0.0329    ,  0.008     , -0.051198  ,  0.0077    ,\n",
       "         -0.99865901, -0.101496  , -0.99475902, -0.0025    , -0.99344403,\n",
       "          0.101232  ,  0.051711  ]),\n",
       "  'unit': 201,\n",
       "  'unit_mul': 0,\n",
       "  'ch_name': 'MEG0213',\n",
       "  'coord_frame': 1},\n",
       " {'scanno': 14,\n",
       "  'logno': 212,\n",
       "  'kind': 1,\n",
       "  'range': 1.9073486328125e-05,\n",
       "  'cal': 3.250000046861601e-09,\n",
       "  'coil_type': 3012,\n",
       "  'loc': array([-0.1074    ,  0.0329    ,  0.008     , -0.101496  , -0.99475902,\n",
       "         -0.0025    ,  0.051198  , -0.0077    ,  0.99865901, -0.99344403,\n",
       "          0.101232  ,  0.051711  ]),\n",
       "  'unit': 201,\n",
       "  'unit_mul': 0,\n",
       "  'ch_name': 'MEG0212',\n",
       "  'coord_frame': 1},\n",
       " {'scanno': 15,\n",
       "  'logno': 211,\n",
       "  'kind': 1,\n",
       "  'range': 1.9073486328125e-05,\n",
       "  'cal': 4.1400001482561066e-11,\n",
       "  'coil_type': 3022,\n",
       "  'loc': array([-0.1074    ,  0.0329    ,  0.008     , -0.051198  ,  0.0077    ,\n",
       "         -0.99865901, -0.101496  , -0.99475902, -0.0025    , -0.99344403,\n",
       "          0.101232  ,  0.051711  ]),\n",
       "  'unit': 112,\n",
       "  'unit_mul': 0,\n",
       "  'ch_name': 'MEG0211',\n",
       "  'coord_frame': 1},\n",
       " {'scanno': 16,\n",
       "  'logno': 222,\n",
       "  'kind': 1,\n",
       "  'range': 1.9073486328125e-05,\n",
       "  'cal': 3.250000046861601e-09,\n",
       "  'coil_type': 3012,\n",
       "  'loc': array([-0.0989    ,  0.0403    ,  0.0413    , -0.34320599,  0.059801  ,\n",
       "         -0.937415  , -0.16180301, -0.98681599, -0.0037    , -0.92527801,\n",
       "          0.150406  ,  0.34835699]),\n",
       "  'unit': 201,\n",
       "  'unit_mul': 0,\n",
       "  'ch_name': 'MEG0222',\n",
       "  'coord_frame': 1},\n",
       " {'scanno': 17,\n",
       "  'logno': 223,\n",
       "  'kind': 1,\n",
       "  'range': 1.9073486328125e-05,\n",
       "  'cal': -3.250000046861601e-09,\n",
       "  'coil_type': 3012,\n",
       "  'loc': array([-0.0989    ,  0.0403    ,  0.0413    , -0.16180301, -0.98681599,\n",
       "         -0.0037    ,  0.34320599, -0.059801  ,  0.937415  , -0.92527801,\n",
       "          0.150406  ,  0.34835699]),\n",
       "  'unit': 201,\n",
       "  'unit_mul': 0,\n",
       "  'ch_name': 'MEG0223',\n",
       "  'coord_frame': 1},\n",
       " {'scanno': 18,\n",
       "  'logno': 221,\n",
       "  'kind': 1,\n",
       "  'range': 1.9073486328125e-05,\n",
       "  'cal': 4.1400001482561066e-11,\n",
       "  'coil_type': 3022,\n",
       "  'loc': array([-0.0989    ,  0.0403    ,  0.0413    , -0.34320599,  0.059801  ,\n",
       "         -0.937415  , -0.16180301, -0.98681599, -0.0037    , -0.92527801,\n",
       "          0.150406  ,  0.34835699]),\n",
       "  'unit': 112,\n",
       "  'unit_mul': 0,\n",
       "  'ch_name': 'MEG0221',\n",
       "  'coord_frame': 1},\n",
       " {'scanno': 19,\n",
       "  'logno': 232,\n",
       "  'kind': 1,\n",
       "  'range': 1.9073486328125e-05,\n",
       "  'cal': 3.250000046861601e-09,\n",
       "  'coil_type': 3012,\n",
       "  'loc': array([-0.1011    ,  0.0044    ,  0.0408    , -0.35210299,  0.0087    ,\n",
       "         -0.93590802,  0.0378    , -0.99900901, -0.0235    , -0.93518502,\n",
       "         -0.043652  ,  0.35142499]),\n",
       "  'unit': 201,\n",
       "  'unit_mul': 0,\n",
       "  'ch_name': 'MEG0232',\n",
       "  'coord_frame': 1},\n",
       " {'scanno': 20,\n",
       "  'logno': 233,\n",
       "  'kind': 1,\n",
       "  'range': 1.9073486328125e-05,\n",
       "  'cal': -3.250000046861601e-09,\n",
       "  'coil_type': 3012,\n",
       "  'loc': array([-0.1011    ,  0.0044    ,  0.0408    ,  0.0378    , -0.99900901,\n",
       "         -0.0235    ,  0.35210299, -0.0087    ,  0.93590802, -0.93518502,\n",
       "         -0.043652  ,  0.35142499]),\n",
       "  'unit': 201,\n",
       "  'unit_mul': 0,\n",
       "  'ch_name': 'MEG0233',\n",
       "  'coord_frame': 1},\n",
       " {'scanno': 21,\n",
       "  'logno': 231,\n",
       "  'kind': 1,\n",
       "  'range': 1.9073486328125e-05,\n",
       "  'cal': 4.1400001482561066e-11,\n",
       "  'coil_type': 3022,\n",
       "  'loc': array([-0.1011    ,  0.0044    ,  0.0408    , -0.35210299,  0.0087    ,\n",
       "         -0.93590802,  0.0378    , -0.99900901, -0.0235    , -0.93518502,\n",
       "         -0.043652  ,  0.35142499]),\n",
       "  'unit': 112,\n",
       "  'unit_mul': 0,\n",
       "  'ch_name': 'MEG0231',\n",
       "  'coord_frame': 1},\n",
       " {'scanno': 22,\n",
       "  'logno': 243,\n",
       "  'kind': 1,\n",
       "  'range': 1.9073486328125e-05,\n",
       "  'cal': 3.250000046861601e-09,\n",
       "  'coil_type': 3012,\n",
       "  'loc': array([-0.1083    , -0.0011    ,  0.0071    , -0.067199  , -0.0104    ,\n",
       "         -0.99768502,  0.084999  , -0.99638599,  0.0047    , -0.99412799,\n",
       "         -0.084486  ,  0.06784   ]),\n",
       "  'unit': 201,\n",
       "  'unit_mul': 0,\n",
       "  'ch_name': 'MEG0243',\n",
       "  'coord_frame': 1},\n",
       " {'scanno': 23,\n",
       "  'logno': 242,\n",
       "  'kind': 1,\n",
       "  'range': 1.9073486328125e-05,\n",
       "  'cal': 3.250000046861601e-09,\n",
       "  'coil_type': 3012,\n",
       "  'loc': array([-0.1083    , -0.0011    ,  0.0071    ,  0.084999  , -0.99638599,\n",
       "          0.0047    ,  0.067199  ,  0.0104    ,  0.99768502, -0.99412799,\n",
       "         -0.084486  ,  0.06784   ]),\n",
       "  'unit': 201,\n",
       "  'unit_mul': 0,\n",
       "  'ch_name': 'MEG0242',\n",
       "  'coord_frame': 1},\n",
       " {'scanno': 24,\n",
       "  'logno': 241,\n",
       "  'kind': 1,\n",
       "  'range': 1.9073486328125e-05,\n",
       "  'cal': 4.1400001482561066e-11,\n",
       "  'coil_type': 3022,\n",
       "  'loc': array([-0.1083    , -0.0011    ,  0.0071    , -0.067199  , -0.0104    ,\n",
       "         -0.99768502,  0.084999  , -0.99638599,  0.0047    , -0.99412799,\n",
       "         -0.084486  ,  0.06784   ]),\n",
       "  'unit': 112,\n",
       "  'unit_mul': 0,\n",
       "  'ch_name': 'MEG0241',\n",
       "  'coord_frame': 1},\n",
       " {'scanno': 25,\n",
       "  'logno': 313,\n",
       "  'kind': 1,\n",
       "  'range': 1.9073486328125e-05,\n",
       "  'cal': 3.250000046861601e-09,\n",
       "  'coil_type': 3012,\n",
       "  'loc': array([-0.0861    ,  0.0988    ,  0.009     , -0.035199  ,  0.118196  ,\n",
       "         -0.99236602, -0.48358399, -0.87097001, -0.086597  , -0.87455702,\n",
       "          0.47684401,  0.087815  ]),\n",
       "  'unit': 201,\n",
       "  'unit_mul': 0,\n",
       "  'ch_name': 'MEG0313',\n",
       "  'coord_frame': 1},\n",
       " {'scanno': 26,\n",
       "  'logno': 312,\n",
       "  'kind': 1,\n",
       "  'range': 1.9073486328125e-05,\n",
       "  'cal': 3.250000046861601e-09,\n",
       "  'coil_type': 3012,\n",
       "  'loc': array([-0.0861    ,  0.0988    ,  0.009     , -0.48358399, -0.87097001,\n",
       "         -0.086597  ,  0.035199  , -0.118196  ,  0.99236602, -0.87455702,\n",
       "          0.47684401,  0.087815  ]),\n",
       "  'unit': 201,\n",
       "  'unit_mul': 0,\n",
       "  'ch_name': 'MEG0312',\n",
       "  'coord_frame': 1},\n",
       " {'scanno': 27,\n",
       "  'logno': 311,\n",
       "  'kind': 1,\n",
       "  'range': 1.9073486328125e-05,\n",
       "  'cal': 4.1400001482561066e-11,\n",
       "  'coil_type': 3022,\n",
       "  'loc': array([-0.0861    ,  0.0988    ,  0.009     , -0.035199  ,  0.118196  ,\n",
       "         -0.99236602, -0.48358399, -0.87097001, -0.086597  , -0.87455702,\n",
       "          0.47684401,  0.087815  ]),\n",
       "  'unit': 112,\n",
       "  'unit_mul': 0,\n",
       "  'ch_name': 'MEG0311',\n",
       "  'coord_frame': 1},\n",
       " {'scanno': 28,\n",
       "  'logno': 322,\n",
       "  'kind': 1,\n",
       "  'range': 1.9073486328125e-05,\n",
       "  'cal': 3.250000046861601e-09,\n",
       "  'coil_type': 3012,\n",
       "  'loc': array([-0.0887    ,  0.0757    ,  0.0412    , -0.351594  ,  0.118898  ,\n",
       "         -0.92858398, -0.370994  , -0.92838401,  0.0216    , -0.85951501,\n",
       "          0.35209301,  0.370525  ]),\n",
       "  'unit': 201,\n",
       "  'unit_mul': 0,\n",
       "  'ch_name': 'MEG0322',\n",
       "  'coord_frame': 1},\n",
       " {'scanno': 29,\n",
       "  'logno': 323,\n",
       "  'kind': 1,\n",
       "  'range': 1.9073486328125e-05,\n",
       "  'cal': -3.250000046861601e-09,\n",
       "  'coil_type': 3012,\n",
       "  'loc': array([-0.0887    ,  0.0757    ,  0.0412    , -0.370994  , -0.92838401,\n",
       "          0.0216    ,  0.351594  , -0.118898  ,  0.92858398, -0.85951501,\n",
       "          0.35209301,  0.370525  ]),\n",
       "  'unit': 201,\n",
       "  'unit_mul': 0,\n",
       "  'ch_name': 'MEG0323',\n",
       "  'coord_frame': 1},\n",
       " {'scanno': 30,\n",
       "  'logno': 321,\n",
       "  'kind': 1,\n",
       "  'range': 1.9073486328125e-05,\n",
       "  'cal': 4.1400001482561066e-11,\n",
       "  'coil_type': 3022,\n",
       "  'loc': array([-0.0887    ,  0.0757    ,  0.0412    , -0.351594  ,  0.118898  ,\n",
       "         -0.92858398, -0.370994  , -0.92838401,  0.0216    , -0.85951501,\n",
       "          0.35209301,  0.370525  ]),\n",
       "  'unit': 112,\n",
       "  'unit_mul': 0,\n",
       "  'ch_name': 'MEG0321',\n",
       "  'coord_frame': 1},\n",
       " {'scanno': 31,\n",
       "  'logno': 333,\n",
       "  'kind': 1,\n",
       "  'range': 1.9073486328125e-05,\n",
       "  'cal': 3.250000046861601e-09,\n",
       "  'coil_type': 3012,\n",
       "  'loc': array([-0.0702    ,  0.0758    ,  0.0707    , -0.59424001,  0.228816  ,\n",
